   54620   43523
   52694   42750
   53253   43024
   54925   42624
   54973   43980
   52967   42955
   55143   40238
   53071   44896
   55710   44219
   54459   43964
   54467   44351
   53570   41898
   55155   43399
   54051   41019
   55335   44023
   54449   42872
   53399   42273
   54241   43580
   56000   41710
   53204   42630
   54524   42904
   55665   44100
   55829   40780
   54059   42096
   53106   42771
   54427   43777
   55368   41828
   53927   45077
   55278   44081
   55909   41497
   53344   42929
   55095   42443
